2426
600530
2426
2426
600530
600530
600530
600530
600530
600530
600530
600530
600530
2504
2504
758
758
2769
2769
2426
2426
2426
2426
2426
2426
2504
2504
2031
2031
300494
166
300494
166
2504
2504
2504
2769
2769
2769
2769
2504
2769
300250
300250
2504
300250
2504
2504
2504
2504
2504
2504
2504
2504
2504
2504
2504
2504
2504
2504
603598
603598
603598
603598
603598
603598
600530
600530
600530
300494
300494
300494
2504
300494
600530
2504
600435
600435
600435
603598
600435
600435
603598
600435
600435
600435
600435
2426
758
2426
2426
758
2126
2126
2126
2126
2126
2126
2126
2126
600435
2126
2126
600435
600435
300250
300250
615
615
2504
2504
2504
2031
2031
2504
2504
2504
600559
600559
600559
603023
603023
603023
603023
603023
603023
758
758
603023
300494
603023
300494
603023
603023
2002
2002
600522
603023
2002
2002
600522
2769
2769
2769
2769
2769
2711
2711
2769
2769
776
776
603023
2769
603023
603023
2769
603023
603023
603023
2769
615
600522
615
2504
2504
600522
2504
2504
2504
166
166
300250
300250
600559
600559
601199
601199
2504
2504
603598
2504
603598
300494
300494
300494
300494
300494
2426
2426
300494
2504
603598
2504
603598
2504
2482
2482
2482
2482
2504
2504
2460
2504
2460
600530
600530
600530
2504
2504
2504
600530
758
758
603023
603023
603023
615
600435
600435
600435
615
2769
615
2126
2126
600435
2002
600435
600435
2002
166
600522
600522
300448
300448
300448
600559
2263
600559
300448
2263
758
758
2031
2031
2031
300433
2031
2031
2031
300433
300433
300433
300496
300496
300496
300496
2426
300496
2263
300496
2426
2460
600611
2711
2504
2504
2504
2504
603598
603598
603598
603598
603598
603598
603598
603598
603598
603598
603598
603598
300477
300477
300477
300477
300477
300477
2769
2769
300496
300496
300433
300448
300433
300477
300477
300477
300477
300477
300477
300494
300494
300477
300448
300448
2121
2121
300448
300448
300477
300477
300494
300494
2121
2121
300433
2769
2121
300433
300477
300494
300494
2769
2504
300448
2426
2426
300448
2504
2031
2031
2031
2031
2460
2477
2477
300448
2460
2126
603023
603023
603023
300433
603023
603023
300433
300433
300433
300433
300250
300250
300438
300438
300438
300477
300438
300438
603023
603023
603023
300438
2426
2426
2426
300438
603023
603023
603023
603023
603023
603023
300433
300433
2477
2477
603023
603023
603023
2477
300438
2477
300438
2121
2426
603023
300494
300494
2426
2263
2263
2263
300448
300448
300448
2426
2426
166